Rect
(141.47,142.225)
(141.47,202.225)
(181.47,202.225)
(181.47,142.225)

Rect
(218.129,131.622)
(218.129,201.622)
(268.129,201.622)
(268.129,131.622)

Rect
(74.0342,82.5779)
(74.0342,92.5779)
(154.034,92.5779)
(154.034,82.5779)

Rect
(156.542,52.2514)
(156.542,92.2514)
(166.542,92.2514)
(166.542,52.2514)

Rect
(230.46,12.7915)
(230.46,72.7915)
(260.46,72.7915)
(260.46,12.7915)

Rect
(69.1519,7.10242)
(69.1519,207.102)
(73.1519,207.102)
(73.1519,7.10242)

Rect
(366.275,7.96726)
(366.275,207.967)
(370.275,207.967)
(370.275,7.96726)

Rect
(68.9858,204.91)
(68.9858,208.91)
(368.986,208.91)
(368.986,204.91)

Rect
(69.3779,6.69659)
(69.3779,10.6966)
(369.378,10.6966)
(369.378,6.69659)

Rect
(314,68.5412)
(314,118.541)
(364,118.541)
(364,68.5412)

Circle
0
107.057
176.367
-90
20

Circle
1
331.716
174.703
-90
20

Circle
2
331.974
37.861
-90
20

Circle
3
115.681
45.8828
-90
20

